[header]
width=94
height=11
tilewidth=70
tileheight=70
orientation=orthogonal

[tilesets]
tileset=tiles_spritesheet.png,72,72,0,0

[layer]
type=Kachelebene 1
data=
0,0,0,0,0,0,0,0,0,0,0,0,0,0,0,0,0,0,0,0,0,0,0,0,0,0,0,0,0,0,0,0,0,0,0,0,0,0,0,0,0,0,0,0,0,0,0,0,0,0,0,0,0,0,0,0,0,0,0,0,0,0,0,0,0,0,0,0,0,0,0,0,0,0,0,0,0,0,0,0,0,0,0,0,0,0,0,0,0,0,0,0,0,0,
0,0,0,0,0,0,0,0,0,0,0,0,0,0,0,0,0,0,0,0,0,0,0,0,0,0,0,0,0,0,0,25,0,0,0,0,0,0,0,0,0,0,0,0,0,0,0,0,0,0,0,0,0,0,0,0,0,0,0,0,0,0,0,0,0,0,0,0,0,0,0,0,0,0,0,0,0,0,0,0,0,0,0,0,0,0,0,0,0,0,0,0,0,0,
0,0,0,0,0,0,0,0,0,0,0,0,0,0,25,25,0,0,0,0,0,0,0,0,0,0,0,0,0,0,0,0,0,0,0,0,0,0,0,0,0,0,0,0,0,0,0,0,0,0,0,0,0,0,0,0,0,0,0,0,0,0,0,0,0,0,0,0,0,0,0,0,0,0,0,0,0,0,0,0,0,0,0,0,0,0,0,0,0,0,0,0,0,0,
0,0,25,25,25,0,0,0,0,0,0,0,0,0,0,0,0,0,0,0,0,0,0,0,0,0,0,0,0,0,0,0,0,0,0,0,0,0,0,0,0,0,0,0,0,0,0,0,0,0,0,0,0,0,0,0,0,0,0,0,0,0,0,0,0,0,0,0,0,0,0,0,0,0,0,0,0,0,0,0,0,0,0,0,0,0,0,0,0,0,0,0,0,0,
0,0,0,0,0,0,0,0,0,0,0,0,0,0,0,0,41,0,0,0,0,0,0,0,0,0,0,0,0,25,0,25,0,25,0,0,0,0,41,0,0,0,0,0,0,0,0,0,0,0,0,0,0,0,0,0,0,0,0,0,0,0,0,0,0,0,0,0,0,0,0,0,0,0,0,0,0,0,0,0,0,0,0,0,0,0,0,0,0,0,0,0,0,0,
0,0,0,0,0,0,0,0,0,0,0,0,0,33,104,104,104,20,0,0,117,104,104,104,93,0,0,0,0,0,0,0,0,0,0,0,0,129,104,105,0,0,129,104,105,0,0,0,0,0,0,0,0,0,0,0,0,0,0,0,0,0,0,0,0,0,0,0,0,0,0,0,0,0,0,0,0,0,0,0,0,0,0,0,0,0,0,0,0,0,0,0,0,0,
34,34,22,0,0,0,0,0,0,0,0,0,33,21,153,153,153,32,0,0,0,153,153,153,0,0,0,0,0,0,0,0,0,0,0,0,0,0,153,0,0,0,0,153,0,0,0,0,0,0,0,0,0,0,0,0,0,0,0,0,0,0,0,0,0,0,0,0,0,0,0,0,0,0,0,0,0,0,0,0,0,0,0,0,0,0,0,0,0,0,0,0,0,0,
104,104,104,104,104,104,0,0,0,129,104,104,21,153,153,153,153,32,0,0,0,153,153,153,0,0,0,0,0,0,0,0,0,0,0,145,145,0,153,103,103,103,103,153,0,0,0,0,0,0,0,0,0,0,0,0,0,0,0,0,0,0,0,0,0,0,0,0,0,0,0,0,0,0,0,0,0,0,0,0,0,0,0,0,0,0,0,0,0,0,0,0,0,0,
153,153,153,153,153,153,0,0,0,0,153,153,153,153,153,153,153,32,0,0,0,153,153,153,0,0,0,0,0,145,145,145,145,0,0,145,145,0,153,44,44,44,44,153,0,0,0,0,0,0,0,0,0,0,0,0,0,0,0,0,0,0,0,0,0,0,0,0,0,0,0,0,0,0,0,0,0,0,0,0,0,0,0,0,0,0,0,0,0,0,0,0,0,0,
153,153,153,153,153,153,103,103,103,103,153,153,153,153,153,153,153,32,0,0,0,153,153,153,0,0,0,0,133,133,133,133,133,133,0,133,133,0,153,44,44,44,44,153,0,0,0,0,0,0,0,0,125,125,125,125,125,125,125,125,125,0,0,0,0,0,0,0,0,0,0,0,0,0,0,0,0,0,0,0,0,0,0,0,0,0,0,0,0,0,0,0,0,0,
153,153,153,153,153,153,44,44,44,44,153,104,104,104,104,104,104,104,104,104,104,104,104,104,104,104,104,104,104,104,104,104,104,104,104,104,104,104,153,44,44,44,44,153,104,104,104,104,104,104,104,104,103,103,103,103,103,103,103,103,103,104,104,104,104,104,104,104,104,104,104,104,104,104,104,104,104,104,104,104,104,104,104,104,104,104,104,104,104,104,104,104,104,104

[Objektebene]
type=1
location=10,10,84,1

[Objektebene]
type=1
location=0,7,5,3

[Objektebene]
type=1
location=9,7,5,0

[Objektebene]
type=1
location=14,5,2,3

[Objektebene]
type=1
location=13,5,1,2

[Objektebene]
type=1
location=12,6,0,0

[Objektebene]
type=1
location=20,5,4,0

[Objektebene]
type=1
location=29,8,3,1

[Objektebene]
type=1
location=28,8,5,0

[Objektebene]
type=3
location=17,4,0,6

[Objektebene]
type=1
location=37,5,2,0

[Objektebene]
type=1
location=41,5,3,0

[Objektebene]
type=1
location=37,5,1,5

[Objektebene]
type=1
location=43,5,0,5

[Objektebene]
type=1
location=34,7,2,3

[Objektebene]
type=1
location=10,7,0,3

